# Token IDs for NFT collection
# Total: 300 tokens
# Generated on: 2025-09-04 09:30:42

13873224635889018236487576114547780892214763625891655518088266693998542851
16002573428467592419475504071188427139252180636836083125681632780186812419
30147091655454376464635685137110537147138566652899448821106485647372189699
64066420541679808925050052126035037835404349510735361168455037631076499459
89708334336168432613070614460454421353887953152236768132039051369053683715
91040981590122695740738610308548484637488474999930591026201031859842842627
97278673080353340950657595770104267733567776436690340225819463332407541763
131447721239394289445988055391971045104514154841761230983458312824733827075
152495182827546961505819204926874932843455897400567975158221291985676795907
160054362450244229915231171750123353039643669059039605853073740675231514627
171980809963813327702687000895129906584079694525248771468475779994062159875
209330507466783249290463463329003695504280202664148182474298668415694405635
216854591676435164410835501303454753064478577298765280319190922731630624771
233892156907832645170671587737079422918820989483974158278393117838197915651
277180703362695218839108370751226706639375497688104885682923254748213673987
279160319963629142749833969529371276518790790460364427082539542775739711491
304081833616656253668267306165278843529460034461377054819828655996968894467
314497192458341472663253763525106189900171123250686651132862214997425520643
326039471942011112822104661721502925133259581899605779901203394794698571779
337134522254808403208558315778122550133579570816466332245757919087648833539
370239031763650820125833670146657437765037573782780888547796158773215625219
375906930283549653028321927967320231067113634609460949533482058434169798659
392093437473390970934986890746608751100882761949452346748071218097441210371
397692678480391399950885427218619210110469853598255898033106103327076122627
406384345425742585007439931607516203594873333043472305434819584196163403779
417348821285000277047785809536153174344969475947242139244875681960130772995
427900748039791873890336587264642548718022375504073615257213204275625197571
432863458784630982559915814777551651538609063300695360488545185995014799363
433808755864846709988394601894477814692558775073695173108742638358193242115
446544671633865645652761531688785588849043700481164406367909118836729708547
446662249521057423460740323127122816083806194296810389094259229799563132931
454502386683921775610459248022587051138970032560415321125760303711922421763
456376082158210283386913567957751746710279401802517654098639837388406259715
460192531923182842103461114264585349340131478843761882208281266528702169091
461422987749580665237382510489087604127030305861570470038695688432062038019
465298373088637866048951099812623382344909622237250724131480713824724582403
478491690045566035305429699923841471752123221491259804227945782727860551683
485161039302133252591050326417446285495194139697319244113719154675124535299
535599261852198916459005279467502601302150681317377128543736548760576065539
537842608836746563790298723997812074667597136046024481134864154933178925059
549461316660383711029159810588666885992563315130734890670015212820367409155
553081351692556277789504313035520474658520912615987194741861152404828848131
555941712661412303445753133975629485264129060720881361129059005923502063619
556980043120225156818398491735032217559994886171605409017938306332106948611
561825051896577963652974051719762282430595215570909909255214428341556740099
568609355291552365816290880340017227392597691858917351193631487665182343171
578049657518371976588787967247692613607799607306985131908050109919582486531
578912353453738450678741847282165561586473012022477103324581697286590955523
582723965021508203922404828583274837875229701850718097478096630347389206531
591448177796792706381057202344412995744637246489365790634043360547711221763
591989545909474498619320080897556352208084112846921102392933176916324646915
595725266189401888526929286706146808206198565000885738338389939700157644803
600666654081171747895226612730942768132143470616994375120649964554352066563
627583766869182104994320700488862501361338288467860995430210546351235661827
635460026823047080269681386729140177117726556580501969036741262418789793795
662167942132280506568690306123542749820719136782337710036609219268431577091
669398345781929371803734634816805392514006176541121860421367196547324837891
680751370596819923159332888958277384699411771192394439053926885922969747459
686080646268462216213442568450747903014639066967472812002471474266202177539
699106419071247954966447412639102980829761830311442381403633268329837232131
718816251134851390007015691585899537259944818403625616342730191869214457859
727497775795763098950247488317423784014057574944579049124558456748351946755
743332459460417689307227110013307481088852415186155054296727241066916347907
746485617520567096202454366149950193029761185828989606018661419949733445635
749185985682199203012092276913117439479404676653579011137697097174963191811
760340675779745453167486160691967231391737954465016988286562166486236921859
768706151087280138378552685153899582714953677656361255975174303477839953923
769090066518982595660322400672294322385039249257809783827469971592535080963
778468089044546621014198533896284834073765183210732627587042507890473566211
779386201549764668600043163013925872608511467669522722676595873144593448963
784181241419322563477374674669803859111227103605812715433663792286793728003
788193709354500519534650398712241150048681773082941332431173419028820525059
817907936294893518674641955420823103860799444443335829995741964732880388099
828567464003534514293111915928786508433250357287390477996835586477203128323
865725787856446636305401229312401270775973281111082154850574485191359725571
879615518859752332709814924542537492249374952965012775972202663178942808067
907165897734328938712432698884979913488922871720623875202946816353186611203
924629675177163607885752950904222924990138568033379311033553210959196061699
925754884373982411604812132391236178176032813380907104135116347907724279811
932735200931841462259585737072590638438444382908665139727558333663132254211
932752218330340269890471508577993139343883730120448783288764204878592475139
943213568781282710755110106078208964472069345727362517488123798500503715843
967785074797410273549014098798077473253719781031102563663933189403170570243
976879635870217988428784656263557301531822078669565353379711027738845380611
979682367767470315965115492478265628008332075040724997721031204484503568387
1001033262167470062763835854174648755899953069646485169583201086873209405443
1001605476572615656843756027279350999913143307320557658891865548267070685187
1014863375698200916697848585359109054602379787064940405827647331518579212291
1026516434165181198691103881933454537918210667364850926894286737153328152579
1029613920640149648356254476842612650104633954792456981826535583713593393155
1033489107939739865910866955808148320199825349487982785357472504361984720899
1043918301218759211490595622627484754261252666435460266281056510348978290691
1051653378851136504322192895829036080315284818695293593882437552778212540419
1075448179109721980200524424951379685957246751358897650565923498636666208259
1078614149033944480800573806632742097665451423706250358054590430561104297987
1080960729216523619487792586810814912968660492436436800508469670521400721411
1104261015105232229906782972232381340072622759644391366094079544993236647939
1123845902456174060753548808859201033067444159180938079705255495945888464899
1132287801931703523078738562095328221332937450058572054963280307731587661827
1137851066846663949139435171820453454032997678509530488378922313149965139971
1152304461525880737130237511903983359721898777629745741414722902601844654083
1164361652296181427132424902524632480424828599097714975692254928655469248515
1190464762896337578372611193328798752596627483963856403690109011297476542467
1197128819753168705262960183023846898604826158057701634637841804356355096579
1209063040836504077196901075872640624428548705827734055326002933499913306115
1217754318949943347395277441722098154177257917775306018020223306809680592899
1219834353445809865251119492509334565779737312918845379601592668348573810691
1243168881432190528467495222937993381399942872834475799076187207092869791747
1256078827672003761057429167543268839843238451807749014712627122653762682883
1260110363205500572834416683460793144984318207118602183059491717736092925955
1270258774140206411161755705165904387588284695806610181649301954589448208387
1276462529214058614587653226831930463825943380360289554967839648943376957443
1278520914491145501228458966139707034975065746800996405174487687206264635395
1281360007773274899053346101176361535434252353080492455794745009029964103683
1281635805372597013751896252538071963445456258542422197850582165339926167555
1288495700875718763317928589890924650733861418366973424190244994533510086659
1297490955866814359961179118022166203685750663266531942375798391418455588867
1309198381080452671966721782376111104153817761958984694925758769973721825283
1332395185855494297441639250590186068242992797667360104794922509141796716547
1332583815393348411122746110852369793938191026581732884990046126297457885187
1354766653889184807203198034643527470181968911088763078160481452318454185987
1363291055499154682519958611872598482694618864433820045678490226254768242691
1384667320416891590807062990840672303559555988019391312130078770080535019523
1389320676586138960092447477119290069136497210923962142243148437525677211651
1398205841068668241492790273132796144183454080684362313721206572339758628867
1399589221626722400626021274992006223283611644307074250042030403121605246979
1404610762079165096146896616170711326135023283151637563843157887503134883843
1405279176514089949757478719328268812864713319466353077451460865332814544899
1452763483291966418523317029350776079613901025394590169120394502762865360899
1458509454499262985499261808658365215209986069102988057268686560637545873411
1510151197864002092286085118663739493510166211374034162727850283470336032771
1515367981321161481425753658305255891121309472639499496070340620833798488067
1543924102501591815834913754032899009522828173230013677302641293704239775747
1574891937490852826988340170494394639260039325369674097856781622223512272899
1578707235373931636050932271040748627087695192267356321410748925460011286531
1582692131937194379415442616882543354690703325591977961800059146934826303491
1599745183929187557494220731787082040881796552838546062053340904712377991171
1627376922400300078239536607768692109869867697182974784124890058740279017475
1648791193911358757211356529465343810066415061223054547599971962284641615875
1653443325787216562036369940895228584373652833194796202702129973938016485379
1671579700045730786706145548795332813839403164290130792198083703463219298307
1672039022667316400610667309373190269729273354446429149615067695233581973507
1675735616029627700681073350690930789200348109881811916301658903147362385923
1676984049871769823080244210957944744194268237648250138281905787319133143043
1695354618298341913272597293790274017690605458585689309551925314969923485699
1704104762507655531981887502273267904929656626135755638013882177336217960451
1709967189884688211604171439253798516776820846724430249472699865160461844483
1719989481307123716470811916817283792905257484635769424433989667311132344323
1736818475335947625195206332538569364253829060398023689613928656569676857347
1739008438012446077242505743674047255731506425287588464230118409121449377795
1749001653254579644891908999981618343193284561848287837402673897170735726595
1750089206585340803166221205380279612197896229613926267986424163853156745219
1774074780262478354121083809948270664744976435007047894741304432411772190723
1778075890104505022123222179249750098001212153567547339631040886106524483587
1779217235026429061019800145472721938541340302456236121244217759162897006595
1810026522152442055686471349761938043417028185238543295249514297999323299843
1832288089611495873429889410656981826655477054765961593519721527304804892675
1832624615551893660777880431595559819263852799446322966057395695965001744387
1835653828941498396952907330453753795530316468882706863280492530477547126787
1854455710574220275835377044627709172678081619323096223142130875222871506947
1872957818038213019441900886617196745768339439844683970448855381483437686787
1877444462934827817241486979222113595805019343761353689446958650868660961283
1882824472810583378474436254852874718611136870778819658872396213670698287107
1903877517627577357320592509927214305704611157001073432903423169610595172355
1904902810182575938851508703512089416823422946784154201069712746520955060227
1906838025908051073547057679670903595186517160918119837628478223218240389123
1910122491128064343043784383934324850154977518874745794890330593478869778435
1910362709003267834270572826159539237343261820715848165788160557194680467459
1911480250287682773487332451668910816162192802413428568513186483776281116675
1969411951081721642144983097177384883887288425837938975436804002851135160323
1976114067307173896462193335248085451718673049849525586392165680061022732291
2001647472586429800522243892395277764229916733855289645537555758726957236227
2031542049775055191784266921710356341899722715072641251490487639695601696771
2046490952085529746857334989005235132778512933441447548339835287862895443971
2054930731190134075426624938596220743240536792516208553680941420942649720835
2067752425741459195989584918134787109557410325378981789141729545936187686915
2079607999404756370717052625762870616357432447947272495993246673965714243587
2079964877635023407302236820640693069512648482934518333636378186223512977411
2097617900163984917495250466556436300712189017680988708046649989739281645571
2102049745342546054392056897474675970945381418937312147223072129639866433539
2125642489253142718205336789783603347944198512160915728383455068179025362947
2129087999616864220032593757694753417303323771586830618064315264171266539523
2150201019629331993178895766031124311441697176975603820794502244215247863811
2156053617813361164131681400797651789222418525034308115987015216853770305539
2157115582489893921604929622062020718338657070704153866454053108350034378755
2162332180216047425353232073648113172400312408992822346997319449901749239811
2193435839029184772931861277021253671074208122100897532965689346963099615235
2234670984190732241597974168696356561538162718815324010363899687127958421507
2244210784909308045564276556793161429427949579676167130499886395703873765379
2265852948601882087774048044713481193917803911266579308411538126143957762051
2292855482498397159570181324670268217976121986320243667899890571470964785155
2295290168172110033865328188974237996063586593057643436178084966226307579907
2310434161383556157637248619312142967224727659461909801182481748976233086979
2385642229713250005192604516478786270276575054667780330359695504587481939971
2400177661892396857466969609209675255610063284473195716880432582017842937859
2419637513032311300995501029040736767974945301213749965677961543554976186371
2421231935654295053938125292461256906027448131543054147252593881193706946563
2422130740815593762702076338600864603102534198268726217844975735929336496131
2422719419712981416157948010547248898458680058529043278346687735130316865539
2429348302163049507723197251807024934710186743487646870663702170908324003843
2444846437664086187151821872979176157940244626808949138583664838746197458947
2495796248393404488304970109263048625237481732545080596983743841648206938115
2507726275638919261258864659600483370294126179942491993343475490683757789187
2515105165622487465215232137898173246241060286683698088573198358595051192323
2519959066254781105996647099516218955236134277800659877797227723858294865923
2520646494893958388827702992176322391905263174629980623374067350824481193987
2539530301887356909708102214783372029071756620053755236896525042610914459651
2563292944097979874583691712324983978970903825168292422444931099399785807875
2592339990920000109105390771803233201646947932896100406391742068413614260227
2605116494393656124343924562855070769935075855055675966600515035562455859203
2608269449478904888803925347358674381741479259664763298916440238634150395907
2613271428160230743875015227769562260393618326948156203082513331107271802883
2615946334975328600511826693285387824041277162364314948280134733852745662467
2620720724619175865104479961713709651753899503944099520642359839947105501187
2623609696343992474954349423280654120486612603825535107754386212474654294019
2637003044595971615834960084467998078751358421636457730478595584749540999171
2647582353110744127701788643545343498080686626735822707398542171878222462979
2670029243057563236103396383235496573239759240636399720458316821995286691843
2715078640925711457234083143631698327936873814037964899743079311429079138307
2725090703701333374038039783849410973999541923588005437551363501541688344579
2756313027984495984996496691063269993394184348850527885790402166633248325635
2756779769992978190289543539858745928143625408174054260796488684624936960003
2772206018653230350501036418868077407405662762930768793668523794417147969539
2780722992490112762095656875288136738845018226929978256439912198396725690371
2794269964501582856270984289571296752247766332046344502199067017859204907011
2810721890840893416036331711250455726505502388564694072904228063603954024451
2814659488635684136767634258128376178974581231187093531481633712795245608963
2815098019701065259554728057904978135528580380999823683600684207230148411395
2823889593500121899266776336352662686683324979663716784278567453710006353923
2825303030771176310344807906907643342244563130840739916931085514547583254531
2832303939510869446391479605586314284696601969621341371590540196643029909507
2847958446214562798314480122900493447716074021206477307718649448011854249987
2884446281392854731767204508590684634099496409208941483859398796091817197571
2901605501800355512269543554263442484934816555918625728718120964484038131715
2913465869742787942909172167905116976182256421725280682705196251742652596227
2916763424330747361769332171352756374056002273847660363341139609683343966211
2921239655035576852792614864268694079682122931586148027883043205387850350595
2933246886138181840823475454213892661829287435071117649862998028041553182723
2938262000442512143639470022034495868458048624653532530344330930819916890115
2962991388229572903403093432811594487407487367208435030628230382782158733315
2974877750552011527211217552659641604171518248651308190884566383423626674179
2980769122328689355020685008125646884026304415073845060730699286634311974915
2990319199334515806824722002946478766305652764338964801756306456226740305923
3013867463419500221511579138370919637532542887033086252790038531111770914819
3019563120256193547463654819191185122000954177388493969807703899113789587459
3046377877372394440685473866681277056401890721337721622017763691639068426243
3052276624415978084104477001101300135682193573704184575462492147541700771843
3071800129418889244548641415756895362667047537371864243510598043926597206019
3081271657388267359374431573606956360629855545854436726352779547525395775491
3087559039374032687296875910673196666165465767921384160596739774440957542403
3087884841252737218534806521130855387354979520498634851248738279953400856579
3089266545320421466891940815436001054685725024377762864730712644761140854787
3127110046100158597042684456179425611659677993134560837968011939821391970307
3134749913631817228691504043860729035511807091423132778870655903432882257923
3138293537988867871231240850442814492101721129096547782313189026192328491011
3156157226463695109175822667364710509733992685222460078874276281712505782275
3159342634518130234010410956596427233594437693008184054956294929085125099523
3162255422536369022513828124441837716717858843793719497066690758460850569219
3166323615286440078267449556609370107434109399016531634969399858503998242819
3169722467619595235357028361253953334241952241134477576143058936017610342403
3175804923267232275291645509704332595327306230954642140973071974753638547459
3176091823694315139747382622818207043760618779415196981203723256841996599299
3204341060940856657719259558715118405451056493368557036853951812091458355203
3205972213476036679154389917403748616319138339627368425914384041537494319107
3209360419808415958409543254652655532954785421313673987338723800157331128323
3223188948245360498722905836903457933978615060227037069574533751381415690243
3223671911832068775860172200326553500751432370699744396034693430117216026627
3234645418434556183496685948695235689249169377200214885844476037190324846595
3243672021364367710958896070876523287192278909791579704039359542480045342723
3256823644852474311483322206273644959123465669718557519032240452195732946947
3265141181371535478623958819145336504533684362722314719201611667230674649091
3271807637811535706184903504570380270492019905984354352067422633378082455555
3273893442315475661416855058267633155912077906726862121258437830789461704707
3318536774121461857799287988800888474083544043698121638779018070088782708739
3327465492593439517493985521511156800973553320183158020147922220262367428611
3334734988349959488726622159048305529758466817378158992668293195978382508035
3340319454633317871773629307372978272537865050550310224187519973935265349635
3345222644451690110847430904797219849047415861855135572352680532119516086275
3360400932894225406056200785304161576538551405405775543701614847030007431171
3378610330876511987583351529235138791967108570706575157104882761535624052739
3387612564069980918304889117935965998850656531088595732071501749256345092099
3402114707798171704052043307909575458877221724035880549436948208328017707011
3420849911149831061463263390993938575417271615051949650490728385468866494467
3424095381105223694774774575070731118950870204988298119211586930275216523267
3429700277339033767787804823354992303086525695106991842207848538436618158083
3439366301791097155342549355731119613319394062182612894121016323186869927939
3451716814949959583020528471411002036608545379381999550047683602936305287171
3459901899549481876608532232016018704553262637300877628693680747789802274819
3491509026143225210765274808181294752114856240322133234336133509558113927171
3501854495922195155287268531331770405223237780089938730527619254668322930691
3523400770607292587997928320893478588387606929939063583407220461934202585091
3540810368650348589478943885658890491763737928183217294524150867355060142083
3543399862646815742725212246374326878658921507925214237606627388537622757379
3574377495081015190112924493980740224061970076456817920289747584962078441475
3581893998171596243004226641974824100480235016739754768598627162756179034115
3583749901351873789470099625916459365261681188174615404641849230904367513603
3586625469857128527277451539865536490793993503102557673598114161494467805187
3590043366968808979168171829852592729496120159153433221497894533467964702723
3596454332667002256554567418035635652781416856266850895718727082010830962691
3597343988857742432057718032286335574036751692666807127765613988640041467907
